r_xx=[
66.76	2.91
113.10	4.81
142.16	6.03
168.08	7.14
205.77	8.78
256.04	10.93
286.98	12.28
327.04	14.10
353.43	15.26
388.77	17.31];
r_200=[
34.56	0.73
62.83	1.30
95.03	2.00
126.13	2.65
159.44	3.36
192.58	4.03
223.84	4.66
267.04	5.55
300.81	6.31
325.15	6.88];
r_400=[
37.70	1.09
80.90	2.28
116.40	3.29
152.52	4.30
193.68	5.46
235.62	6.63
286.98	8.11
320.76	9.12
338.98	9.64
351.86	10.10];
r_600=[
31.42	1.00
47.12	1.45
83.25	2.63
108.38	3.46
124.88	3.96
179.07	5.73
207.35	6.60
244.26	7.75
323.90	10.39
361.28	11.70];
r_800=[
56.55	1.95
87.65	3.03
127.55	4.45
174.36	6.02
211.27	7.29
239.55	8.26
279.60	9.65
326.73	11.43
317.30	11.06
368.51	13.35];
r_1000=[
53.41	1.84
81.68	2.87
117.81	4.16
159.12	5.61
202.63	6.95
242.22	8.59
278.03	9.82
316.52	11.29
348.72	12.46
372.91	13.81];