encoder_data =[
    0	0
30	84
60	169
90	252
120	335
150	417
180	502
210	584
240	669
270	751
300	835
330	919
360	1000];